objFixed : 12 174 34 169 14 91 -7 96 13.726175308227539 133.07958984375 23.104347229003906 80.58020782470703 -14.300277709960938 9 28.526359949285357
objFixed : 54 132 152 71 126 29 28 90 90.44943237304688 81.2190933227539 115.22175598144531 49.81989288330078 -32.0053825378418 9 46.85958975531359
objFixed : 198 65 251 65 251 0 198 0 224.5 32.5 53.0 65.0 -0.0 6 61.63250206021646
objFixed : 139 64 198 47 189 17 130 35 164.59268188476562 41.25032043457031 61.29206466674805 30.432966232299805 -16.50436019897461 6 39.25029643273866
group: 2 3 
group: 0 1 
